Si 0.000000 0.000000 5.000000
C 0.333333 0.666667 5.000000
Si -1.540000 2.667358 5.000000
C -1.206667 3.334025 5.000000
Si -3.080000 5.334716 5.000000
C -2.746667 6.001383 5.000000
Si 3.080000 0.000000 5.000000
C 3.413333 0.666667 5.000000
Si 1.540000 2.667358 5.000000
C 1.873333 3.334025 5.000000
Si 0.000000 5.334716 5.000000
C 0.333333 6.001383 5.000000
Si 6.160000 0.000000 5.000000
C 6.493333 0.666667 5.000000
Si 4.620000 2.667358 5.000000
C 4.953333 3.334025 5.000000
Si 3.080000 5.334716 5.000000
C 3.413333 6.001383 5.000000
C 0.000000 0.000000 8.400000
C 0.333333 0.666667 8.400000
C -1.540000 2.667358 8.400000
C -1.206667 3.334025 8.400000
C -3.080000 5.334716 8.400000
C -2.746667 6.001383 8.400000
C 3.080000 0.000000 8.400000
C 3.413333 0.666667 8.400000
C 1.540000 2.667358 8.400000
C 1.873333 3.334025 8.400000
C 0.000000 5.334716 8.400000
C 0.333333 6.001383 8.400000
C 6.160000 0.000000 8.400000
C 6.493333 0.666667 8.400000
C 4.620000 2.667358 8.400000
C 4.953333 3.334025 8.400000
C 3.080000 5.334716 8.400000
C 3.413333 6.001383 8.400000
